2.309401
2.472136
2.691265
2.988953
3.402603
4.000000
4.917187
6.472136
9.619468
17.093639
17.000000
17.093639
17.379789
12.944272
9.834373
12.701707
13.596747
6.728164
7.472383
4.944272
2.309401
2.472136
2.691265
2.988953
3.402603
4.000000
4.917187
6.472136
5.058769
16.088131
16.000000
16.088131
16.357449
12.944272
9.834373
8.000000
12.360680
13.456327
5.977907
6.805207
4.082483
12.784903
15.020586
15.020586
15.186976
15.529142
11.161714
8.810758
7.344315
11.580835
12.727921
12.867597
5.508235
6.608067
8.371284
10.352761
4.049860
4.005489
4.005489
4.049860
11.591108
14.174511
14.019214
14.019214
14.174511
11.591111
8.371285
6.608068
5.508236
10.294076
11.313707
11.580837
3.672157
4.405378
5.580855
7.727406
9.112185
9.012352
3.004117
3.037395
4.000001
8.652475
9.419429
10.461335
9.888544
9.237604
2.458593
3.236067
4.809732
8.044066
8.000000
8.044066
8.178724
8.411697
8.757090
2.309401
2.472136
2.691265
2.988953
3.402604
8.082903
8.652475
9.419429
1.494476
1.701301
2.000000
2.458593
3.236067
4.809732
7.038558
7.000000
7.038558
7.156384
7.360235
7.662454
5.856406
8.506510
7.472384
1.494477
1.701302
1.154701
1.236068
1.345633
1.494476
1.701301
2.000000
2.458593
3.236067
4.809732
6.033050
6.000000
6.033050
6.134044
6.308773
6.567817
6.928203
5.011448
7.472384
6.728164
6.180340
2.000000
1.701302
1.494477
7.472384
8.506510
8.082904
7.662454
7.360235
7.156384
7.038558
7.000000
7.038558
7.156384
6.348836
7.662455
8.082904
8.652476
9.419430
1.345633
1.236068
5.773503
6.180340
6.728164
7.472384
7.416408
6.928203
6.567817
6.308773
6.134044
6.033050
6.000000
6.033050
6.134044
6.308774
5.301897
6.928203
7.416408
8.073797
8.966861
10.207810
5.773503
6.180340
6.728164
6.728163
6.180340
5.773503
5.473181
5.257311
5.111703
5.027542
5.000000
5.027542
5.111703
5.257311
4.544483
4.392305
6.180340
6.728164
7.472384
8.506509
